3.940000000000000000e+02
4.300000000000000000e+02
4.100000000000000000e+01
2.650000000000000000e+02
5.230000000000000000e+02
4.970000000000000000e+02
4.140000000000000000e+02
3.100000000000000000e+02
4.880000000000000000e+02
3.660000000000000000e+02
5.970000000000000000e+02
2.230000000000000000e+02
5.160000000000000000e+02
1.420000000000000000e+02
2.880000000000000000e+02
1.430000000000000000e+02
9.700000000000000000e+01
6.330000000000000000e+02
2.560000000000000000e+02
5.450000000000000000e+02
7.220000000000000000e+02
6.160000000000000000e+02
1.500000000000000000e+02
3.170000000000000000e+02
1.010000000000000000e+02
7.500000000000000000e+01
7.000000000000000000e+02
3.380000000000000000e+02
4.830000000000000000e+02
5.730000000000000000e+02
1.030000000000000000e+02
3.620000000000000000e+02
4.440000000000000000e+02
3.230000000000000000e+02
6.250000000000000000e+02
6.550000000000000000e+02
2.090000000000000000e+02
5.650000000000000000e+02
7.390000000000000000e+02
4.530000000000000000e+02
5.330000000000000000e+02
2.660000000000000000e+02
6.300000000000000000e+01
5.610000000000000000e+02
1.400000000000000000e+01
9.500000000000000000e+01
4.080000000000000000e+02
6.840000000000000000e+02
6.400000000000000000e+02
1.000000000000000000e+00
6.260000000000000000e+02
5.050000000000000000e+02
3.410000000000000000e+02
2.490000000000000000e+02
3.330000000000000000e+02
6.400000000000000000e+01
1.950000000000000000e+02
5.810000000000000000e+02
2.270000000000000000e+02
2.440000000000000000e+02
1.450000000000000000e+02
5.560000000000000000e+02
4.580000000000000000e+02
9.300000000000000000e+01
8.200000000000000000e+01
3.270000000000000000e+02
5.200000000000000000e+02
5.010000000000000000e+02
1.110000000000000000e+02
3.080000000000000000e+02
5.640000000000000000e+02
2.980000000000000000e+02
1.270000000000000000e+02
5.600000000000000000e+02
3.400000000000000000e+02
5.530000000000000000e+02
2.080000000000000000e+02
6.170000000000000000e+02
6.740000000000000000e+02
6.010000000000000000e+02
2.940000000000000000e+02
4.550000000000000000e+02
7.210000000000000000e+02
6.100000000000000000e+02
7.470000000000000000e+02
3.240000000000000000e+02
5.890000000000000000e+02
2.470000000000000000e+02
2.970000000000000000e+02
1.880000000000000000e+02
1.930000000000000000e+02
1.910000000000000000e+02
3.300000000000000000e+01
6.270000000000000000e+02
7.060000000000000000e+02
4.870000000000000000e+02
7.000000000000000000e+01
9.100000000000000000e+01
1.330000000000000000e+02
1.530000000000000000e+02
