4.320000000000000000e+02
1.970000000000000000e+02
3.880000000000000000e+02
4.550000000000000000e+02
2.150000000000000000e+02
2.000000000000000000e+01
1.320000000000000000e+02
2.610000000000000000e+02
2.480000000000000000e+02
2.070000000000000000e+02
4.700000000000000000e+02
4.010000000000000000e+02
4.240000000000000000e+02
1.550000000000000000e+02
2.440000000000000000e+02
1.830000000000000000e+02
2.980000000000000000e+02
4.560000000000000000e+02
4.640000000000000000e+02
1.110000000000000000e+02
2.580000000000000000e+02
7.100000000000000000e+01
1.440000000000000000e+02
4.680000000000000000e+02
3.860000000000000000e+02
4.800000000000000000e+01
3.160000000000000000e+02
4.090000000000000000e+02
1.280000000000000000e+02
2.720000000000000000e+02
3.610000000000000000e+02
4.140000000000000000e+02
3.080000000000000000e+02
7.500000000000000000e+01
1.580000000000000000e+02
5.000000000000000000e+01
3.730000000000000000e+02
3.700000000000000000e+01
4.350000000000000000e+02
3.500000000000000000e+02
1.690000000000000000e+02
2.410000000000000000e+02
2.860000000000000000e+02
5.100000000000000000e+01
1.810000000000000000e+02
2.220000000000000000e+02
1.610000000000000000e+02
3.120000000000000000e+02
3.270000000000000000e+02
1.040000000000000000e+02
2.820000000000000000e+02
4.750000000000000000e+02
2.260000000000000000e+02
2.660000000000000000e+02
1.330000000000000000e+02
3.100000000000000000e+01
4.120000000000000000e+02
2.800000000000000000e+02
7.000000000000000000e+00
4.700000000000000000e+01
3.680000000000000000e+02
2.040000000000000000e+02
3.630000000000000000e+02
4.220000000000000000e+02
4.780000000000000000e+02
3.420000000000000000e+02
3.200000000000000000e+02
0.000000000000000000e+00
3.130000000000000000e+02
2.520000000000000000e+02
1.700000000000000000e+02
1.240000000000000000e+02
4.530000000000000000e+02
1.660000000000000000e+02
3.600000000000000000e+02
3.200000000000000000e+01
9.700000000000000000e+01
2.900000000000000000e+02
1.130000000000000000e+02
1.220000000000000000e+02
7.200000000000000000e+01
2.780000000000000000e+02
2.290000000000000000e+02
4.600000000000000000e+01
4.100000000000000000e+01
1.630000000000000000e+02
2.600000000000000000e+02
2.500000000000000000e+02
5.500000000000000000e+01
1.540000000000000000e+02
4.390000000000000000e+02
1.490000000000000000e+02
4.590000000000000000e+02
6.300000000000000000e+01
4.890000000000000000e+02
4.190000000000000000e+02
2.760000000000000000e+02
4.400000000000000000e+02
4.570000000000000000e+02
3.950000000000000000e+02
