3.020000000000000000e+02
2.790000000000000000e+02
3.630000000000000000e+02
3.520000000000000000e+02
1.460000000000000000e+02
9.000000000000000000e+00
3.260000000000000000e+02
2.320000000000000000e+02
3.540000000000000000e+02
3.690000000000000000e+02
1.500000000000000000e+01
1.020000000000000000e+02
3.600000000000000000e+01
1.430000000000000000e+02
8.300000000000000000e+01
6.900000000000000000e+01
3.550000000000000000e+02
1.030000000000000000e+02
2.280000000000000000e+02
2.990000000000000000e+02
2.460000000000000000e+02
2.710000000000000000e+02
1.640000000000000000e+02
2.620000000000000000e+02
1.120000000000000000e+02
9.100000000000000000e+01
2.400000000000000000e+01
8.800000000000000000e+01
3.610000000000000000e+02
2.390000000000000000e+02
2.970000000000000000e+02
1.270000000000000000e+02
2.030000000000000000e+02
2.180000000000000000e+02
1.900000000000000000e+02
3.150000000000000000e+02
3.110000000000000000e+02
8.100000000000000000e+01
2.730000000000000000e+02
2.170000000000000000e+02
1.260000000000000000e+02
2.920000000000000000e+02
2.230000000000000000e+02
3.000000000000000000e+00
1.390000000000000000e+02
5.200000000000000000e+01
1.100000000000000000e+02
3.650000000000000000e+02
1.060000000000000000e+02
1.940000000000000000e+02
7.700000000000000000e+01
2.370000000000000000e+02
9.200000000000000000e+01
1.010000000000000000e+02
3.030000000000000000e+02
2.690000000000000000e+02
3.380000000000000000e+02
1.860000000000000000e+02
3.040000000000000000e+02
3.300000000000000000e+01
2.700000000000000000e+02
3.390000000000000000e+02
2.700000000000000000e+01
6.200000000000000000e+01
3.250000000000000000e+02
1.380000000000000000e+02
2.190000000000000000e+02
1.670000000000000000e+02
1.080000000000000000e+02
4.200000000000000000e+01
7.800000000000000000e+01
