4.380000000000000000e+02
6.000000000000000000e+01
8.600000000000000000e+01
6.000000000000000000e+00
2.710000000000000000e+02
2.830000000000000000e+02
2.170000000000000000e+02
2.000000000000000000e+00
1.500000000000000000e+02
4.490000000000000000e+02
4.390000000000000000e+02
3.530000000000000000e+02
4.200000000000000000e+02
6.800000000000000000e+01
1.340000000000000000e+02
8.200000000000000000e+01
1.370000000000000000e+02
2.060000000000000000e+02
1.920000000000000000e+02
1.260000000000000000e+02
4.250000000000000000e+02
3.250000000000000000e+02
2.690000000000000000e+02
5.700000000000000000e+01
1.200000000000000000e+01
1.890000000000000000e+02
3.020000000000000000e+02
7.900000000000000000e+01
1.790000000000000000e+02
8.700000000000000000e+01
3.460000000000000000e+02
2.390000000000000000e+02
3.770000000000000000e+02
9.800000000000000000e+01
4.070000000000000000e+02
9.000000000000000000e+00
2.500000000000000000e+01
3.520000000000000000e+02
1.420000000000000000e+02
1.820000000000000000e+02
4.450000000000000000e+02
2.490000000000000000e+02
3.650000000000000000e+02
3.330000000000000000e+02
2.450000000000000000e+02
2.240000000000000000e+02
3.830000000000000000e+02
1.620000000000000000e+02
2.200000000000000000e+02
1.510000000000000000e+02
1.290000000000000000e+02
2.950000000000000000e+02
1.860000000000000000e+02
6.400000000000000000e+01
6.900000000000000000e+01
4.280000000000000000e+02
2.010000000000000000e+02
9.400000000000000000e+01
3.000000000000000000e+00
3.800000000000000000e+01
5.600000000000000000e+01
3.720000000000000000e+02
1.140000000000000000e+02
1.190000000000000000e+02
3.940000000000000000e+02
3.190000000000000000e+02
3.340000000000000000e+02
2.700000000000000000e+01
2.850000000000000000e+02
2.650000000000000000e+02
2.160000000000000000e+02
4.330000000000000000e+02
3.900000000000000000e+02
2.910000000000000000e+02
3.930000000000000000e+02
2.940000000000000000e+02
2.000000000000000000e+02
2.970000000000000000e+02
4.020000000000000000e+02
4.130000000000000000e+02
3.870000000000000000e+02
3.500000000000000000e+01
3.360000000000000000e+02
3.000000000000000000e+01
1.670000000000000000e+02
4.180000000000000000e+02
1.600000000000000000e+01
3.570000000000000000e+02
3.100000000000000000e+02
3.400000000000000000e+02
2.400000000000000000e+01
9.500000000000000000e+01
1.410000000000000000e+02
2.890000000000000000e+02
2.670000000000000000e+02
1.450000000000000000e+02
2.900000000000000000e+01
2.800000000000000000e+01
3.560000000000000000e+02
2.340000000000000000e+02
1.650000000000000000e+02
4.470000000000000000e+02
1.880000000000000000e+02
3.300000000000000000e+01
1.940000000000000000e+02
2.350000000000000000e+02
1.730000000000000000e+02
4.650000000000000000e+02
5.000000000000000000e+00
2.560000000000000000e+02
4.620000000000000000e+02
2.790000000000000000e+02
3.140000000000000000e+02
1.590000000000000000e+02
3.370000000000000000e+02
3.350000000000000000e+02
1.020000000000000000e+02
9.200000000000000000e+01
6.700000000000000000e+01
2.090000000000000000e+02
1.740000000000000000e+02
2.630000000000000000e+02
4.460000000000000000e+02
1.350000000000000000e+02
1.960000000000000000e+02
3.760000000000000000e+02
4.360000000000000000e+02
3.430000000000000000e+02
4.340000000000000000e+02
2.320000000000000000e+02
4.000000000000000000e+02
8.900000000000000000e+01
4.500000000000000000e+02
4.500000000000000000e+01
7.400000000000000000e+01
8.400000000000000000e+01
2.540000000000000000e+02
7.000000000000000000e+01
1.640000000000000000e+02
6.600000000000000000e+01
1.700000000000000000e+01
1.900000000000000000e+01
3.640000000000000000e+02
3.300000000000000000e+02
8.500000000000000000e+01
2.620000000000000000e+02
1.070000000000000000e+02
2.730000000000000000e+02
1.210000000000000000e+02
1.710000000000000000e+02
4.110000000000000000e+02
2.400000000000000000e+02
1.230000000000000000e+02
2.050000000000000000e+02
3.320000000000000000e+02
1.850000000000000000e+02
3.170000000000000000e+02
3.310000000000000000e+02
3.290000000000000000e+02
3.960000000000000000e+02
2.590000000000000000e+02
2.470000000000000000e+02
2.420000000000000000e+02
2.960000000000000000e+02
2.330000000000000000e+02
1.560000000000000000e+02
3.030000000000000000e+02
3.580000000000000000e+02
2.770000000000000000e+02
2.310000000000000000e+02
3.010000000000000000e+02
