2.000000000000000000e+00
8.200000000000000000e+01
1.450000000000000000e+02
8.900000000000000000e+01
1.510000000000000000e+02
2.400000000000000000e+02
2.050000000000000000e+02
2.710000000000000000e+02
4.020000000000000000e+02
7.700000000000000000e+01
3.000000000000000000e+01
1.780000000000000000e+02
3.450000000000000000e+02
3.750000000000000000e+02
4.230000000000000000e+02
2.470000000000000000e+02
2.700000000000000000e+01
5.000000000000000000e+00
1.020000000000000000e+02
1.730000000000000000e+02
3.290000000000000000e+02
3.280000000000000000e+02
3.400000000000000000e+01
3.550000000000000000e+02
9.500000000000000000e+01
6.000000000000000000e+01
2.550000000000000000e+02
1.920000000000000000e+02
3.360000000000000000e+02
3.410000000000000000e+02
2.540000000000000000e+02
1.340000000000000000e+02
3.580000000000000000e+02
6.700000000000000000e+01
3.710000000000000000e+02
3.720000000000000000e+02
9.000000000000000000e+00
3.150000000000000000e+02
8.400000000000000000e+01
2.700000000000000000e+02
9.800000000000000000e+01
4.150000000000000000e+02
1.160000000000000000e+02
1.380000000000000000e+02
2.080000000000000000e+02
3.100000000000000000e+02
4.210000000000000000e+02
3.370000000000000000e+02
1.880000000000000000e+02
3.310000000000000000e+02
1.740000000000000000e+02
2.490000000000000000e+02
1.680000000000000000e+02
1.400000000000000000e+02
1.940000000000000000e+02
7.400000000000000000e+01
3.060000000000000000e+02
4.270000000000000000e+02
2.320000000000000000e+02
1.070000000000000000e+02
3.000000000000000000e+00
3.440000000000000000e+02
3.240000000000000000e+02
1.010000000000000000e+02
1.270000000000000000e+02
1.300000000000000000e+02
3.790000000000000000e+02
2.900000000000000000e+01
2.460000000000000000e+02
8.000000000000000000e+00
4.120000000000000000e+02
2.870000000000000000e+02
3.740000000000000000e+02
2.500000000000000000e+01
2.240000000000000000e+02
6.400000000000000000e+01
4.000000000000000000e+02
4.290000000000000000e+02
3.230000000000000000e+02
1.900000000000000000e+01
2.680000000000000000e+02
1.700000000000000000e+01
4.250000000000000000e+02
2.890000000000000000e+02
3.800000000000000000e+01
6.000000000000000000e+00
2.950000000000000000e+02
3.400000000000000000e+02
2.990000000000000000e+02
1.900000000000000000e+02
1.930000000000000000e+02
1.710000000000000000e+02
7.000000000000000000e+01
1.910000000000000000e+02
3.040000000000000000e+02
1.200000000000000000e+01
1.090000000000000000e+02
2.560000000000000000e+02
1.560000000000000000e+02
1.050000000000000000e+02
1.210000000000000000e+02
1.370000000000000000e+02
1.570000000000000000e+02
1.460000000000000000e+02
2.380000000000000000e+02
2.450000000000000000e+02
2.020000000000000000e+02
3.300000000000000000e+01
2.170000000000000000e+02
3.930000000000000000e+02
1.790000000000000000e+02
3.870000000000000000e+02
3.640000000000000000e+02
2.650000000000000000e+02
1.640000000000000000e+02
3.940000000000000000e+02
3.180000000000000000e+02
1.860000000000000000e+02
4.500000000000000000e+01
8.700000000000000000e+01
3.760000000000000000e+02
3.590000000000000000e+02
4.310000000000000000e+02
1.760000000000000000e+02
1.100000000000000000e+02
2.000000000000000000e+02
3.700000000000000000e+02
8.600000000000000000e+01
9.200000000000000000e+01
8.500000000000000000e+01
2.920000000000000000e+02
1.670000000000000000e+02
7.900000000000000000e+01
6.900000000000000000e+01
