2.000000000000000000e+00
1.520000000000000000e+02
6.000000000000000000e+00
4.340000000000000000e+02
7.700000000000000000e+01
1.350000000000000000e+02
8.600000000000000000e+01
1.380000000000000000e+02
2.090000000000000000e+02
1.950000000000000000e+02
1.270000000000000000e+02
2.900000000000000000e+01
1.710000000000000000e+02
3.310000000000000000e+02
3.590000000000000000e+02
4.150000000000000000e+02
2.240000000000000000e+02
2.700000000000000000e+01
5.000000000000000000e+00
9.500000000000000000e+01
3.540000000000000000e+02
1.640000000000000000e+02
3.090000000000000000e+02
3.070000000000000000e+02
3.300000000000000000e+01
3.340000000000000000e+02
8.900000000000000000e+01
4.500000000000000000e+01
2.420000000000000000e+02
1.860000000000000000e+02
3.140000000000000000e+02
3.770000000000000000e+02
2.350000000000000000e+02
1.210000000000000000e+02
3.380000000000000000e+02
6.400000000000000000e+01
3.750000000000000000e+02
3.640000000000000000e+02
9.000000000000000000e+00
3.020000000000000000e+02
7.900000000000000000e+01
2.530000000000000000e+02
9.200000000000000000e+01
4.120000000000000000e+02
1.070000000000000000e+02
4.030000000000000000e+02
1.980000000000000000e+02
2.950000000000000000e+02
2.620000000000000000e+02
4.130000000000000000e+02
3.220000000000000000e+02
1.760000000000000000e+02
3.180000000000000000e+02
1.650000000000000000e+02
2.300000000000000000e+02
1.530000000000000000e+02
1.300000000000000000e+02
1.900000000000000000e+02
6.900000000000000000e+01
2.920000000000000000e+02
4.170000000000000000e+02
2.030000000000000000e+02
1.000000000000000000e+02
3.000000000000000000e+00
3.370000000000000000e+02
3.410000000000000000e+02
9.400000000000000000e+01
1.140000000000000000e+02
1.190000000000000000e+02
2.890000000000000000e+02
2.800000000000000000e+01
1.910000000000000000e+02
8.000000000000000000e+00
2.670000000000000000e+02
2.840000000000000000e+02
3.700000000000000000e+02
2.500000000000000000e+01
2.050000000000000000e+02
6.000000000000000000e+01
7.000000000000000000e+01
4.190000000000000000e+02
3.390000000000000000e+02
1.900000000000000000e+01
1.670000000000000000e+02
1.700000000000000000e+01
4.160000000000000000e+02
2.730000000000000000e+02
3.400000000000000000e+01
4.230000000000000000e+02
2.710000000000000000e+02
1.890000000000000000e+02
2.870000000000000000e+02
1.840000000000000000e+02
2.570000000000000000e+02
3.580000000000000000e+02
6.800000000000000000e+01
3.250000000000000000e+02
2.100000000000000000e+02
1.200000000000000000e+01
1.050000000000000000e+02
1.590000000000000000e+02
1.430000000000000000e+02
9.900000000000000000e+01
1.920000000000000000e+02
2.510000000000000000e+02
1.460000000000000000e+02
3.950000000000000000e+02
1.360000000000000000e+02
2.210000000000000000e+02
3.740000000000000000e+02
3.000000000000000000e+01
2.020000000000000000e+02
1.720000000000000000e+02
1.740000000000000000e+02
2.430000000000000000e+02
1.420000000000000000e+02
1.250000000000000000e+02
1.770000000000000000e+02
4.270000000000000000e+02
3.960000000000000000e+02
3.030000000000000000e+02
2.000000000000000000e+02
3.800000000000000000e+01
8.700000000000000000e+01
3.710000000000000000e+02
3.110000000000000000e+02
4.220000000000000000e+02
1.020000000000000000e+02
8.200000000000000000e+01
2.750000000000000000e+02
7.400000000000000000e+01
8.500000000000000000e+01
3.360000000000000000e+02
8.400000000000000000e+01
1.080000000000000000e+02
2.460000000000000000e+02
3.300000000000000000e+02
6.700000000000000000e+01
