4.520000000000000000e+02
2.110000000000000000e+02
8.200000000000000000e+01
2.890000000000000000e+02
3.400000000000000000e+02
2.700000000000000000e+01
4.660000000000000000e+02
3.990000000000000000e+02
5.600000000000000000e+01
4.000000000000000000e+00
2.030000000000000000e+02
3.780000000000000000e+02
5.100000000000000000e+02
1.710000000000000000e+02
5.120000000000000000e+02
1.000000000000000000e+02
4.930000000000000000e+02
3.960000000000000000e+02
4.180000000000000000e+02
4.860000000000000000e+02
4.580000000000000000e+02
3.750000000000000000e+02
2.750000000000000000e+02
3.290000000000000000e+02
3.400000000000000000e+01
5.090000000000000000e+02
5.000000000000000000e+01
3.260000000000000000e+02
3.490000000000000000e+02
8.400000000000000000e+01
1.620000000000000000e+02
1.460000000000000000e+02
3.840000000000000000e+02
7.900000000000000000e+01
4.610000000000000000e+02
2.390000000000000000e+02
2.020000000000000000e+02
3.370000000000000000e+02
2.600000000000000000e+01
6.000000000000000000e+00
1.400000000000000000e+02
2.300000000000000000e+02
4.400000000000000000e+01
1.290000000000000000e+02
5.700000000000000000e+01
3.560000000000000000e+02
2.690000000000000000e+02
5.110000000000000000e+02
3.480000000000000000e+02
1.820000000000000000e+02
4.780000000000000000e+02
6.400000000000000000e+01
4.460000000000000000e+02
5.000000000000000000e+00
5.240000000000000000e+02
3.920000000000000000e+02
8.800000000000000000e+01
3.800000000000000000e+02
1.340000000000000000e+02
2.950000000000000000e+02
4.870000000000000000e+02
1.900000000000000000e+02
2.990000000000000000e+02
3.890000000000000000e+02
4.530000000000000000e+02
4.130000000000000000e+02
2.530000000000000000e+02
3.450000000000000000e+02
2.340000000000000000e+02
3.430000000000000000e+02
2.180000000000000000e+02
1.930000000000000000e+02
2.810000000000000000e+02
7.600000000000000000e+01
9.600000000000000000e+01
1.940000000000000000e+02
3.150000000000000000e+02
1.550000000000000000e+02
3.000000000000000000e+00
5.800000000000000000e+01
6.200000000000000000e+01
1.370000000000000000e+02
1.790000000000000000e+02
1.800000000000000000e+02
1.920000000000000000e+02
2.900000000000000000e+01
3.190000000000000000e+02
1.200000000000000000e+01
4.980000000000000000e+02
3.250000000000000000e+02
6.600000000000000000e+01
3.710000000000000000e+02
3.340000000000000000e+02
1.890000000000000000e+02
4.350000000000000000e+02
5.060000000000000000e+02
4.950000000000000000e+02
1.560000000000000000e+02
4.960000000000000000e+02
2.410000000000000000e+02
1.210000000000000000e+02
1.700000000000000000e+01
1.640000000000000000e+02
5.020000000000000000e+02
2.300000000000000000e+01
4.470000000000000000e+02
2.060000000000000000e+02
1.780000000000000000e+02
1.590000000000000000e+02
3.390000000000000000e+02
5.280000000000000000e+02
2.730000000000000000e+02
4.790000000000000000e+02
2.310000000000000000e+02
4.630000000000000000e+02
1.190000000000000000e+02
7.100000000000000000e+01
2.140000000000000000e+02
4.920000000000000000e+02
2.590000000000000000e+02
2.370000000000000000e+02
5.290000000000000000e+02
4.360000000000000000e+02
1.900000000000000000e+01
1.840000000000000000e+02
1.260000000000000000e+02
4.850000000000000000e+02
3.930000000000000000e+02
2.980000000000000000e+02
6.700000000000000000e+01
3.180000000000000000e+02
1.810000000000000000e+02
2.400000000000000000e+01
4.990000000000000000e+02
3.820000000000000000e+02
1.510000000000000000e+02
4.730000000000000000e+02
1.730000000000000000e+02
1.600000000000000000e+01
9.000000000000000000e+00
3.040000000000000000e+02
4.380000000000000000e+02
4.300000000000000000e+01
5.170000000000000000e+02
8.300000000000000000e+01
2.000000000000000000e+00
2.470000000000000000e+02
4.490000000000000000e+02
2.430000000000000000e+02
3.850000000000000000e+02
6.100000000000000000e+01
1.080000000000000000e+02
1.230000000000000000e+02
2.960000000000000000e+02
3.800000000000000000e+01
2.160000000000000000e+02
3.570000000000000000e+02
8.100000000000000000e+01
3.860000000000000000e+02
2.840000000000000000e+02
1.740000000000000000e+02
3.670000000000000000e+02
1.050000000000000000e+02
3.000000000000000000e+01
2.670000000000000000e+02
2.210000000000000000e+02
4.320000000000000000e+02
4.820000000000000000e+02
1.350000000000000000e+02
2.580000000000000000e+02
2.080000000000000000e+02
2.280000000000000000e+02
2.170000000000000000e+02
4.160000000000000000e+02
5.310000000000000000e+02
2.490000000000000000e+02
4.910000000000000000e+02
3.310000000000000000e+02
8.600000000000000000e+01
2.380000000000000000e+02
3.980000000000000000e+02
3.060000000000000000e+02
5.140000000000000000e+02
4.050000000000000000e+02
4.070000000000000000e+02
2.010000000000000000e+02
3.360000000000000000e+02
4.150000000000000000e+02
2.920000000000000000e+02
3.580000000000000000e+02
2.360000000000000000e+02
5.100000000000000000e+01
4.100000000000000000e+02
6.000000000000000000e+01
1.750000000000000000e+02
6.500000000000000000e+01
1.970000000000000000e+02
2.540000000000000000e+02
7.400000000000000000e+01
4.290000000000000000e+02
3.210000000000000000e+02
4.620000000000000000e+02
3.870000000000000000e+02
4.260000000000000000e+02
4.760000000000000000e+02
1.670000000000000000e+02
2.800000000000000000e+01
1.860000000000000000e+02
4.550000000000000000e+02
3.700000000000000000e+01
1.530000000000000000e+02
1.850000000000000000e+02
2.240000000000000000e+02
2.150000000000000000e+02
3.030000000000000000e+02
2.790000000000000000e+02
3.090000000000000000e+02
2.070000000000000000e+02
4.250000000000000000e+02
1.270000000000000000e+02
1.160000000000000000e+02
2.620000000000000000e+02
4.000000000000000000e+02
2.830000000000000000e+02
1.980000000000000000e+02
1.060000000000000000e+02
1.360000000000000000e+02
2.610000000000000000e+02
1.960000000000000000e+02
5.400000000000000000e+01
4.410000000000000000e+02
5.320000000000000000e+02
4.400000000000000000e+02
4.280000000000000000e+02
4.890000000000000000e+02
1.170000000000000000e+02
