3.940000000000000000e+02
4.300000000000000000e+02
4.100000000000000000e+01
2.650000000000000000e+02
5.230000000000000000e+02
4.970000000000000000e+02
4.140000000000000000e+02
3.100000000000000000e+02
4.880000000000000000e+02
3.660000000000000000e+02
2.230000000000000000e+02
5.160000000000000000e+02
1.420000000000000000e+02
2.880000000000000000e+02
1.430000000000000000e+02
9.700000000000000000e+01
2.560000000000000000e+02
1.500000000000000000e+02
3.170000000000000000e+02
1.010000000000000000e+02
7.500000000000000000e+01
3.380000000000000000e+02
4.830000000000000000e+02
1.030000000000000000e+02
3.620000000000000000e+02
2.220000000000000000e+02
1.610000000000000000e+02
3.120000000000000000e+02
3.270000000000000000e+02
4.670000000000000000e+02
1.040000000000000000e+02
4.940000000000000000e+02
2.820000000000000000e+02
2.440000000000000000e+02
2.260000000000000000e+02
4.430000000000000000e+02
2.660000000000000000e+02
1.330000000000000000e+02
3.100000000000000000e+01
4.120000000000000000e+02
4.700000000000000000e+02
2.800000000000000000e+02
4.680000000000000000e+02
7.000000000000000000e+00
4.700000000000000000e+01
3.680000000000000000e+02
5.340000000000000000e+02
2.040000000000000000e+02
3.630000000000000000e+02
4.220000000000000000e+02
4.010000000000000000e+02
3.420000000000000000e+02
3.200000000000000000e+02
0.000000000000000000e+00
3.130000000000000000e+02
2.520000000000000000e+02
4.230000000000000000e+02
4.440000000000000000e+02
1.700000000000000000e+02
1.240000000000000000e+02
3.730000000000000000e+02
1.660000000000000000e+02
3.600000000000000000e+02
4.450000000000000000e+02
3.200000000000000000e+01
5.200000000000000000e+02
4.690000000000000000e+02
2.900000000000000000e+02
1.130000000000000000e+02
1.220000000000000000e+02
4.110000000000000000e+02
7.200000000000000000e+01
4.650000000000000000e+02
2.780000000000000000e+02
2.290000000000000000e+02
4.600000000000000000e+01
5.330000000000000000e+02
1.630000000000000000e+02
4.480000000000000000e+02
2.600000000000000000e+02
2.500000000000000000e+02
5.500000000000000000e+01
1.540000000000000000e+02
5.030000000000000000e+02
1.490000000000000000e+02
3.610000000000000000e+02
6.300000000000000000e+01
5.040000000000000000e+02
4.770000000000000000e+02
4.170000000000000000e+02
2.760000000000000000e+02
5.050000000000000000e+02
4.090000000000000000e+02
3.080000000000000000e+02
4.570000000000000000e+02
3.000000000000000000e+02
1.470000000000000000e+02
2.270000000000000000e+02
4.600000000000000000e+02
3.050000000000000000e+02
