6.000000000000000000e+00
2.000000000000000000e+00
7.900000000000000000e+01
1.390000000000000000e+02
8.700000000000000000e+01
1.450000000000000000e+02
2.310000000000000000e+02
2.030000000000000000e+02
1.360000000000000000e+02
2.900000000000000000e+01
1.750000000000000000e+02
3.370000000000000000e+02
3.590000000000000000e+02
4.140000000000000000e+02
2.430000000000000000e+02
2.700000000000000000e+01
5.000000000000000000e+00
1.000000000000000000e+02
3.550000000000000000e+02
1.680000000000000000e+02
3.150000000000000000e+02
3.140000000000000000e+02
3.300000000000000000e+01
3.380000000000000000e+02
9.200000000000000000e+01
4.500000000000000000e+01
2.470000000000000000e+02
1.910000000000000000e+02
3.230000000000000000e+02
3.770000000000000000e+02
2.460000000000000000e+02
1.290000000000000000e+02
3.440000000000000000e+02
6.400000000000000000e+01
3.760000000000000000e+02
3.650000000000000000e+02
9.000000000000000000e+00
3.090000000000000000e+02
8.200000000000000000e+01
2.650000000000000000e+02
9.500000000000000000e+01
3.970000000000000000e+02
1.090000000000000000e+02
3.950000000000000000e+02
2.050000000000000000e+02
3.070000000000000000e+02
2.700000000000000000e+02
4.120000000000000000e+02
3.280000000000000000e+02
1.850000000000000000e+02
3.240000000000000000e+02
1.720000000000000000e+02
2.450000000000000000e+02
1.650000000000000000e+02
1.370000000000000000e+02
1.930000000000000000e+02
7.000000000000000000e+01
3.040000000000000000e+02
4.210000000000000000e+02
2.130000000000000000e+02
1.030000000000000000e+02
3.000000000000000000e+00
3.410000000000000000e+02
3.540000000000000000e+02
9.600000000000000000e+01
1.200000000000000000e+02
1.260000000000000000e+02
2.950000000000000000e+02
2.800000000000000000e+01
1.990000000000000000e+02
8.000000000000000000e+00
2.710000000000000000e+02
2.910000000000000000e+02
3.660000000000000000e+02
2.500000000000000000e+01
2.250000000000000000e+02
6.000000000000000000e+01
7.400000000000000000e+01
4.220000000000000000e+02
3.470000000000000000e+02
1.900000000000000000e+01
1.730000000000000000e+02
1.700000000000000000e+01
4.150000000000000000e+02
2.850000000000000000e+02
3.400000000000000000e+01
4.330000000000000000e+02
2.840000000000000000e+02
1.920000000000000000e+02
2.920000000000000000e+02
1.900000000000000000e+02
2.680000000000000000e+02
3.580000000000000000e+02
6.900000000000000000e+01
3.300000000000000000e+02
2.360000000000000000e+02
1.200000000000000000e+01
1.080000000000000000e+02
1.670000000000000000e+02
1.530000000000000000e+02
1.010000000000000000e+02
2.010000000000000000e+02
2.590000000000000000e+02
1.560000000000000000e+02
3.780000000000000000e+02
1.430000000000000000e+02
2.390000000000000000e+02
3.720000000000000000e+02
3.000000000000000000e+01
2.110000000000000000e+02
1.770000000000000000e+02
1.780000000000000000e+02
2.540000000000000000e+02
1.500000000000000000e+02
1.310000000000000000e+02
1.870000000000000000e+02
1.600000000000000000e+02
3.840000000000000000e+02
3.100000000000000000e+02
2.100000000000000000e+02
3.800000000000000000e+01
8.900000000000000000e+01
3.710000000000000000e+02
3.190000000000000000e+02
4.260000000000000000e+02
1.060000000000000000e+02
8.400000000000000000e+01
2.870000000000000000e+02
7.700000000000000000e+01
8.600000000000000000e+01
3.400000000000000000e+02
8.500000000000000000e+01
1.150000000000000000e+02
2.550000000000000000e+02
3.360000000000000000e+02
6.700000000000000000e+01
