1.000000000000000000e+02
1.560000000000000000e+02
1.370000000000000000e+02
3.530000000000000000e+02
9.100000000000000000e+01
6.100000000000000000e+01
2.640000000000000000e+02
1.990000000000000000e+02
3.260000000000000000e+02
4.900000000000000000e+01
8.000000000000000000e+00
3.970000000000000000e+02
2.340000000000000000e+02
6.800000000000000000e+01
1.260000000000000000e+02
7.900000000000000000e+01
3.380000000000000000e+02
2.840000000000000000e+02
3.450000000000000000e+02
3.340000000000000000e+02
1.790000000000000000e+02
3.540000000000000000e+02
8.300000000000000000e+01
3.600000000000000000e+02
3.740000000000000000e+02
3.000000000000000000e+01
3.190000000000000000e+02
1.060000000000000000e+02
1.300000000000000000e+02
3.070000000000000000e+02
1.720000000000000000e+02
1.860000000000000000e+02
3.180000000000000000e+02
2.730000000000000000e+02
2.450000000000000000e+02
2.160000000000000000e+02
1.930000000000000000e+02
9.000000000000000000e+01
3.170000000000000000e+02
1.960000000000000000e+02
1.530000000000000000e+02
8.100000000000000000e+01
3.000000000000000000e+00
4.000000000000000000e+01
4.400000000000000000e+01
3.490000000000000000e+02
8.900000000000000000e+01
2.320000000000000000e+02
3.850000000000000000e+02
3.940000000000000000e+02
1.820000000000000000e+02
3.040000000000000000e+02
2.880000000000000000e+02
1.980000000000000000e+02
1.590000000000000000e+02
3.210000000000000000e+02
3.400000000000000000e+02
3.580000000000000000e+02
3.770000000000000000e+02
2.990000000000000000e+02
2.690000000000000000e+02
2.650000000000000000e+02
2.090000000000000000e+02
4.000000000000000000e+02
3.230000000000000000e+02
2.570000000000000000e+02
1.740000000000000000e+02
3.600000000000000000e+01
1.160000000000000000e+02
7.400000000000000000e+01
9.000000000000000000e+00
3.840000000000000000e+02
2.050000000000000000e+02
1.070000000000000000e+02
7.600000000000000000e+01
3.100000000000000000e+02
3.110000000000000000e+02
1.780000000000000000e+02
3.920000000000000000e+02
3.390000000000000000e+02
3.020000000000000000e+02
6.400000000000000000e+01
3.950000000000000000e+02
8.600000000000000000e+01
2.060000000000000000e+02
3.140000000000000000e+02
1.430000000000000000e+02
1.100000000000000000e+02
2.130000000000000000e+02
9.300000000000000000e+01
3.290000000000000000e+02
1.350000000000000000e+02
5.000000000000000000e+00
3.990000000000000000e+02
1.080000000000000000e+02
2.810000000000000000e+02
1.210000000000000000e+02
3.900000000000000000e+02
2.740000000000000000e+02
2.600000000000000000e+01
3.400000000000000000e+01
5.300000000000000000e+01
1.760000000000000000e+02
